1 0 0 0 4 4 4 2 3 2 3 2 3 31 31 31 16 16
0 1 0 0 2 3 2 3 4 4 4 2
0 1 0 0 2 3 2 3 2 3 4 4 4 31 31 31 16 16
1 0 0 0 4 4 4 2 3 2 3 2 3 12 9 34 9 9 9 34 34 9 9 31 31 31 16 16
0 0 0 1 2 3 2 3 4 4 2 3
0 0 0 1 2 3 4 2 3 2 3 4 4 31 31 31 16 16
1 0 0 0 2 3 2 3 2 3 4 4 4 31 31 31 16 16
0 1 0 0 2 3 2 3 2 3 4 4
0 1 0 0 2 3 2 3 4 4 2 3 4 31 31 31 16 16
1 0 0 0 2 3 4 2 3 2 3 4 4 31 31 31 16 16
1 0 0 0 4 4 4 2 3 2 3 2 3 9 9 34 9 9 34 34 9 9 31 31 31 16 16
0 1 0 0 2 3 2 2 3 3 4 4 4 34 9 34 31 31 31 16 16
0 0 0 1 2 3 2 3 2 3 4 4 4 9 9 34 9 9 34 31 31 31 16 16
0 0 1 0 2 3 2 3 2 3 4 4
0 1 0 0 2 3 2 3 2 3 4 4 4 12 12 31 31 31 16 16
0 1 0 0 2 3 2 3 2 3 4 4 4 31 31 31 16 16
0 1 0 0 2 3 2 3 2 3 4 4 4 31 31 31 16 16
0 0 1 0 2 3 2 3 4 4 2 3 4 31 31 31 16 16
1 0 0 0 4 4 4 2 3 2 3 2 3 9 34 9 9 34 9 34 9 9 34 9 9 31 31 31 16 16
1 0 0 0 4 4 4 2 3 2 3 2 3 9 34 9 34 9 9 34 9 9 9 34 9 31 31 31 16 16
1 0 0 0 2 3 2 3 2 3 4 4
0 0 1 0 4 2 3 2 3 2 3 4 4 31 31 31 16 16
0 0 0 1 3 4 2 3 2 3 2 4 4 34 9 34 31 31 31 16 16
0 0 0 1 2 3 2 3 2 3 4 4 4 31 31 31 16 16
0 0 0 1 2 3 2 3 2 3 4 4 4 31 31 31 16 16
0 1 0 0 2 3 2 3 2 3 4 4 4 31 31 31 16 16
1 0 0 0 4 4 2 3 2 3 2 3 4 12 12 34 9 34 12 31 31 31 16 16
0 0 0 1 2 3 2 3 2 3 4 4 4 31 31 31 16 16
0 0 0 1 2 3 2 3 4 2 3 4 4 12 31 31 31 16 16
0 1 0 0 2 3 2 3 2 3 4 4 4 31 31 31 16 16
0 0 1 0 2 3 2 3 2 3 4 4
0 0 1 0 2 3 2 3 2 3 4 4 4 12 12 12 34 34 34 34 34 34 34 34 34 34 34 9 34 34 34 34 31 31 31 16 16
0 0 0 1 2 3 2 3 2 3 4 4 4 31 31 31 16 16
0 1 0 0 2 3 2 3 4 4 4 2 3 34 34 34 34 34 34 34 34 34 34 34 34 34 34 34 9 12 31 31 31 16 16
0 0 1 0 2 3 2 3 4 2 3 4 4 31 31 31 16 16
0 0 0 1 2 3 2 3 4 4 2 3 4 31 31 31 16 16
1 0 0 0 2 3 2 3 2 3 4 4 4 31 31 31 16 16
0 1 0 0 4 4 2 3 4 2 3 2 3 34 34 9 12 12 12 31 31 31 16 16
1 0 0 0 2 3 2 3 2 3 4 4 4 31 31 31 16 16
0 0 0 1 2 3 2 3 2 3 4 4 4 12 31 31 31 16 16
0 0 0 1 2 3 2 3 4 4 2 3 4 31 31 31 16 16
1 0 0 0 4 4 4 2 3 2 3 2 3 9 9 9 9 9 9 31 31 31 16 16
1 0 0 0 4 4 4 2 3 2 3 2 3 31 31 31 16 16
1 0 0 0 4 4 4 2 3 2 3 2 3 31 31 31 16 16
